8725
3602
2469
7150
5725
4158
4875
2689
1906
1169
1519
9402
7971
4912
680
2743
6203
6192
4157
915
1194
712
7696
9283
3931
7713
9171
5815
1227
258
5304
6682
7930
7820
1212
1343
3498
8212
1411
875
5011
6316
443
221
4442
6021
926
8885
3278
7948
8037
4334
2255
2421
8328
1173
4482
7805
7176
246
1363
3508
4235
9780
8544
9193
361
6825
5718
754
4964
6758
8351
5887
9429
7586
8154
7125
8618
6390
8580
8790
3327
3389
9049
5487
1556
4826
952
9315
9517
6762
2371
5091
5781
2922
2708
8073
8414
7992
3593
5257
9903
7725
3827
1352
8361
4088
1313
2576
9777
9193
118
3378
6664
7400
7317
7539
8426
5064
2132
6561
2457
7073
7886
7803
7435
6613
8249
3551
4031
7131
6473
9942
8843
4849
5054
771
9744
920
3032
191
3791
9793
7620
8131
9325
2155
9698
9033
1612
2177
3165
2477
1105
5610
4183
5175
3380
4261
9348
4545
5568
1257
946
5657
7957
4368
7046
6989
6413
484
3157
4665
381
2254
1052
3866
4175
285
4328
7042
386
2157
1968
6180
4446
9417
7049
3102
4970
8660
3897
7482
4163
4134
8816
7410
764
3347
1468
6691
3398
999
4822
8070
642
1493
8180
978
3290
9246
6820
67
2887
8640
5341
7937
7927
1570
8291
1648
4342
5850
6711
6149
7745
448
8686
5199
3551
437
6370
237
4295
5452
1423
493
1759
9956
1014
3161
6519
5999
8235
7025
7218
4204
9535
6577
4822
7796
1008
5704
3903
7316
5353
3714
6099
9130
8405
3357
2947
8794
9236
6223
5855
3792
3969
2207
8820
7428
4554
956
5171
4734
5579
3845
7847
4571
9140
9800
9466
6007
9498
3342
5021
3999
1487
5348
5683
2527
8345
6458
2254
2816
7082
6921
6713
5544
3683
4662
4842
12
3452
2149
6645
8638
3387
1486
5812
6130
8687
6862
4301
6126
9907
2621
8526
4819
8609
1582
5943
5246
6269
8514
7421
4613
9797
6095
1014
2305
5756
8256
7442
1284
3936
6205
6872
2670
9964
554
5304
999
9656
2338
3642
8086
4192
653
2532
1903
5756
8482
2512
1549
8215
2149
6299
2863
7253
8072
7654
9740
371
9021
4067
1507
6701
163
8896
4923
2435
790
9954
993
6535
4459
2818
7952
9631
2802
7619
784
1855
4633
4677
238
3892
8459
3494
9434
4234
6530
5755
6113
8344
7773
6320
2591
4904
1558
2569
7785
4346
8363
1262
1999
6297
9854
1026
5806
149
4677
2853
4375
7683
6133
1534
7351
605
590
7381
5688
5322
482
5769
3678
1842
7939
3344
8152
6040
2949
2355
5195
4513
5267
3108
8788
7420
9630
6666
946
8496
6041
1000
5764
630
1422
5055
8302
713
9258
9081
7491
9633
2160
3309
2920
8240
834
9605
7055
4952
2832
1358
9372
1220
9581
9695
3683
6266
4541
1779
8852
5850
5150
1493
5607
2949
4020
6024
5288
1285
6756
9667
6136
5292
3366
2011
4553
6389
3963
8928
2085
1630
7460
9118
9742
9107
6776
8455
5042
7330
3361
609
5363
338
9039
9863
7406
5959
8014
2348
5341
7630
7418
4908
7565
4622
4456
4281
2383
955
5780
9336
7207
5754
4751
6275
9668
1897
2059
7530
4750
168
702
8942
1107
2455
1546
1755
9423
3327
4602
9833
438
7165
9672
1098
5669
7195
2356
5914
9778
4678
5224
2895
7917
1720
634
8634
3635
1545
508
7801
8304
5797
7857
189
9935
7621
8315
1636
1480
2819
6996
3620
5977
7194
5708
6744
6149
479
9540
6410
9635
4781
5283
6548
427
4174
1784
3609
6975
2096
2891
1876
277
3606
938
1937
520
3073
6031
9221
9224
1036
4170
2941
2174
320
5104
8944
9460
8437
6445
4763
4566
4253
6751
7204
9675
2827
9937
7960
3897
6900
9591
8403
4092
2480
1543
7735
1879
8434
4545
557
649
5993
4282
4361
8994
390
9853
912
3815
885
4465
6799
1716
9587
4063
6845
8355
8308
2506
8855
5233
3299
5995
4198
7194
1568
5039
9520
2035
8210
4329
6079
6743
8843
9024
5094
9443
4837
1245
224
6724
4941
5365
5318
4095
3336
1200
9623
5892
7760
4604
7237
8569
2584
1912
9321
7284
8208
3732
5738
3364
3513
7130
3770
1073
1158
1466
9995
4662
7777
2049
9553
3131
74
8176
5660
8371
2885
910
2331
9596
1200
2169
6752
8174
3512
1279
5423
4593
9557
6590
3859
935
9742
3203
4222
2580
7198
8599
7620
4054
6889
3234
2800
4007
1080
2767
7391
8961
5806
6198
5479
2634
803
7196
6440
8916
1832
9734
6405
224
6230
2469
7497
3517
682
1267
6166
8113
201
5593
3322
9450
7007
7691
614
966
7213
4117
5989
1842
7715
4018
440
364
4057
9952
9682
1521
659
5110
7012
848
9693
5411
3057
4056
1694
6344
2681
2804
2012
6574
8594
8049
1823
1307
3943
1804
26
2194
3418
8537
3745
9133
853
4868
9822
7382
8857
280
6761
798
1973
416
5679
3883
3796
5209
5865
6087
3508
2233
4893
8800
3015
19
3784
7934
387
5093
3380
6260
2244
1668
8585
3856
2578
5383
5598
7364
1036
140
6390
2123
9232
5788
3660
3514
7058
5865
9969
1354
1832
989
3983
7561
9253
5659
9079
2740
4620
194
7462
7799
4277
4367
1653
176
562
4241
9384
355
3704
535
98
8969
3595
9889
6263
9909
8629
9037
7403
6816
950
252
2140
4771
5599
1365
3318
496
5341
273
9209
1933
3606
731
3880
2075
9416
8604
525
1620
9088
3296
3374
6899
9686
4432
4409
6984
8973
2748
9278
6043
3226
2175
4374
3760
7124
5793
8817
2356
7035
4417
3486
9451
3338
2997
6697
2559
3941
9938
6068
5665
4174
6389
4044
538
4451
2440
6458
9870
331
684
7832
6071
7092
1945
3899
8689
2339
4061
9389
9953
4372
501
2768
8160
6003
9383
6187
4171
3963
7336
3071
9650
7479
860
8873
5133
846
6632
20
5147
164
7159
2286
7850
5272
2751
2548
105
8246
4114
958
8085
7055
8674
9457
2223
7946
6451
3954
6039
4065
7157
9168
8039
951
6554
4152
8732
9493
8411
1063
4362
2750
8367
4903
2524
8001
3786
846
9941
7624
8474
3390
964
8753
2905
7985
8323
6808
6304
2078
7698
7867
9446
9413
2731
6433
9386
9415
8213
5750
5005
6404
2690
3087
8154
8822
7450
2674
7856
1415
5258
5269
4795
160
5994
4329
3623
4751
9572
4151
4912
6330
784
5037
63
5018
7204
5608
2298
2919
2729
9690
2545
1841
9470
3179
8637
305
6793
5852
5539
646
1522
1422
818
4952
9003
8642
3195
7707
2197
5868
523
6883
1905
2223
8442
5035
4895
9366
4299
7130
4412
3571
2142
3833
6594
8842
7862
4061
4935
5990
66
6948
4514
3108
7301
8028
65
2066
9777
437
3001
1576
1801
8548
715
1444
7505
1265
9071
7012
7125
2773
4586
1553
5460
9244
6392
4830
1491
9221
6171
5336
440
6847
5332
8102
3940
6651
3672
3286
9407
5758
3281
5597
6401
9543
3625
5951
8752
1528
5375
3056
9928
5187
7723
7735
1604
6470
9403
2688
2869
8407
7136
1552
3373
2563
1978
5698
2818
3697
3303
7058
2397
9805
8124
8285
8475
8737
8886
4615
3681
2191
5109
7754
572
3295
9054
9240
9688
7535
6667
730
5870
3086
4663
8650
2550
9036
9455
7462
7509
3747
2539
2187
8883
3184
4754
3772
713
8442
8361
6521
8746
7004
1105
7426
1314
3240
9074
2710
8548
8108
9395
981
8192
1959
1713
4463
2075
3737
5714
7161
5995
224
9477
6328
6407
1743
5449
3194
4592
8798
6017
5263
963
552
7376
9870
4943
3417
5857
4935
4279
3042
9259
3656
3118
5937
633
3458
2391
9206
7
8531
4997
9679
6824
6601
4907
9100
3769
4073
7109
2873
5344
3274
1536
9178
8673
1567
164
5108
2588
8305
77
274
8665
2897
8077
1036
2070
1322
6162
3502
3234
3669
786
5071
6401
3621
4156
4397
6880
6625
2468
5128
806
2919
1825
9861
4417
6316
6344
6282
3960
9988
95
82
7620
5761
9965
129
1540
5371
8949
1579
7911
6209
9624
4986
2054
8839
8847
3094
7386
7502
9540
8167
565
5890
8898
5451
9378
1307
87
7116
5340
7284
2629
9363
81
1788
9962
259
7773
3212
9918
7729
5708
65
5569
6662
5122
4525
5965
4515
2897
2245
3429
7174
9340
5293
6033
7267
8451
7865
1954
9405
321
4684
5257
2307
1586
5340
1609
4508
7255
2006
9139
656
5633
6523
5642
636
4569
8569
280
1016
2235
5821
5004
2358
4725
4461
7522
2960
8076
4456
2901
9270
2553
5096
41
4593
6021
4336
3600
456
6868
1537
6608
2690
8968
5704
4286
3657
8543
5651
4256
8502
8409
8304
7786
3767
233
3768
883
4527
1446
7137
3824
9816
1267
7124
5638
9370
8573
7601
3510
8623
1190
7544
597
1937
9774
6378
7487
7219
1287
944
7209
5111
3405
799
4889
9361
1647
5548
6727
4773
2856
9227
9809
8326
9321
2269
5022
3101
1391
1757
32
8563
5640
4364
528
7546
3713
4398
8123
4563
8973
711
5305
5722
2506
7493
3134
8249
5372
6132
7341
8591
8644
3789
503
661
1834
9769
6712
831
950
284
6995
3558
1871
3293
2194
9855
9974
6182
1689
2637
4621
9502
2306
9914
9365
117
5925
6312
206
4855
4317
8671
760
5387
8504
8817
3101
2023
2326
7858
1916
1647
2371
4236
1908
2538
8226
7982
3202
9287
9364
8381
9341
7459
5502
8142
7389
6807
6583
9552
7305
1675
4866
7743
517
1831
6962
6924
2666
1209
2256
1209
3175
2966
7286
8296
2673
2234
8809
2312
9381
211
5223
5298
2988
8481
3656
8943
2455
2806
1239
7706
6139
2850
2373
9231
150
7986
6373
6510
8437
9123
214
117
3599
2080
4942
4708
6218
2149
3114
5313
7312
7001
4862
3407
1954
2160
8608
5269
5694
3903
4504
1367
4245
1054
6527
2626
3856
6095
2509
38
2666
5120
8673
5448
4529
6984
342
748
2665
2718
1947
1871
9111
7600
1833
5640
9342
7391
1461
4768
1599
967
9800
4866
7921
3106
5872
7837
8603
1722
7929
1501
4430
3384
949
8180
9266
4856
3635
4781
5368
1729
3395
6808
8937
3361
823
2111
958
3368
410
8452
6822
195
394
797
6837
4761
2569
4940
2133
9630
7518
3837
4742
1674
9491
1523
5521
6722
184
5368
6052
9074
7742
4688
9313
6769
4349
1690
7101
3651
6855
6629
1550
9031
9451
5576
2952
8855
3993
3548
4037
9404
1757
1119
1521
4472
9055
9204
5773
3259
7197
261
6913
6965
2709
1527
1018
4573
6433
7988
99
6742
5047
3707
2183
559
5663
2497
8525
7915
4874
2537
7756
8109
9581
7851
5536
1056
7881
7824
1056
2511
3307
5343
3601
9077
7540
7068
5893
3612
7927
5664
8689
808
1852
6446
3936
1394
8235
1161
1155
5299
888
3933
5758
2458
8188
5447
5863
505
9347
8454
9195
7451
5770
9156
7246
8775
6619
7078
9939
7517
7798
1888
194
4276
5792
6259
1494
2136
9735
9409
56
1085
8507
3245
4595
5741
8187
3567
6705
8931
3249
8126
2861
6435
4522
48
3607
6308
8789
9813
974
2127
6708
9679
3694
565
7332
7564
2893
6608
4494
6905
4240
1237
4371
4469
9028
4518
1896
7225
6243
8384
2096
2957
5447
8876
1409
4531
1247
2443
4262
8964
7082
478
2912
4176
7552
4301
452
3768
5028
2057
3140
8705
6505
9466
8475
4293
3369
4195
2831
3183
3102
5033
4278
5975
8403
7340
3496
4423
2495
5380
3910
2060
7022
4667
9050
3195
6688
5271
1429
5783
7539
7070
159
6671
5559
4864
6253
8451
5722
2655
3346
1443
8117
8143
7306
6949
2729
2540
6085
9988
3915
8828
9131
24
1949
306
61
1955
2113
2132
8216
8976
9832
6752
3008
4969
9811
5711
5111
842
3017
1904
2175
7049
6402
933
8071
604
8476
4661
5051
4026
5315
1716
9913
5457
5699
1348
3980
5774
7079
4622
1084
5129
7489
1885
3981
6979
7812
5470
6046
9294
3138
5543
5731
8551
6260
6558
723
313
1514
379
5404
353
9948
109
314
7870
9233
5037
6285
5236
9219
8848
4507
4121
6090
3112
1414
9443
2340
3583
73
6079
5164
3799
1546
570
9775
1140
9910
7664
7312
8880
2383
4107
6465
9800
7795
6626
3984
2346
8251
1651
907
2036
1724
413
4244
9005
7982
9407
5049
3960
7554
3204
392
6726
5862
3705
318
7854
205
9764
5824
1050
9109
863
7453
9990
9351
2183
8563
7059
6824
716
9278
7119
1515
9601
5820
4177
166
3115
4531
9826
2523
5384
8161
8849
6857
6996
8464
9514
6052
979
4638
2805
401
1591
800
6938
7101
353
3974
7525
298
8907
4275
6042
9522
5631
8281
4694
61
9527
1315
4927
3082
9992
7542
2951
4140
5816
4710
354
7768
2713
2780
7777
7813
4256
7408
8987
1008
874
1456
4804
4488
3620
3883
6767
7028
2226
6615
2774
4191
6525
7472
2146
2032
9081
9494
405
5943
865
4425
7692
3139
291
2449
8474
2708
7928
6707
1942
5865
2341
4251
5440
9990
9618
4970
856
2345
2107
7697
3564
2518
1059
502
4835
2531
603
950
8977
7393
6477
7924
2102
2523
7961
2687
7653
4892
5740
5209
9426
3218
6700
221
6684
4547
3557
6580
616
2227
4843
2465
820
6866
9751
2834
135
5258
4784
5250
8375
7734
4034
8196
570
6998
1810
4782
297
2426
1965
5544
1577
3631
7225
948
7180
5510
4980
2215
9437
6196
9087
4550
8120
6390
4557
4361
4937
3406
5764
4674
2485
6500
18
1916
4330
6669
2567
7649
8273
9318
9564
2910
3312
852
277
6127
836
6507
280
8928
1199
5761
8232
4447
8199
2128
8312
6543
6525
6671
6259
3178
6414
9228
9647
511
6467
1954
5782
4100
7155
8159
590
6249
8696
5558
750
4919
7943
4886
4867
9258
1454
6515
3958
5484
4075
8030
7892
9635
7074
3553
1487
7367
3008
599
7093
7169
8386
1912
7070
6392
4784
9908
7522
1484
1917
5359
9086
3298
5241
8554
3134
772
2759
3330
5590
7339
7114
7917
371
8169
4327
6473
8454
5664
9056
8841
7853
871
8684
2366
2366
413
1630
4151
219
8379
8954
1594
1401
4845
5228
1062
4603
5762
4673
1784
3129
6381
4348
8173
8115
243
6740
5595
6882
7661
9006
8702
7632
8074
7292
5258
1432
2505
5084
6969
4096
4959
1868
9518
6818
1264
4893
432
2058
2997
1028
7000
7760
1246
1114
1461
4958
7859
3959
4486
8237
2672
6444
9388
4174
4289
3525
5849
5839
115
5462
4886
897
8474
1277
329
861
1025
2770
369
1218
8865
7282
9421
3700
7244
3401
4872
9523
9412
3774
2279
1798
4579
168
2463
8993
7182
8084
8099
1938
711
4682
7019
6759
2880
4674
6283
5300
513
7675
9614
6189
2599
237
8456
2095
6279
3069
7618
2545
5768
7639
3257
340
7596
3911
4536
1599
6907
9762
3349
9345
3869
3560
9592
8422
9319
4086
4193
8459
4689
2762
4097
7761
4923
310
9916
4929
2637
8506
6701
4954
7569
4249
6266
6647
9707
1099
7732
3699
6479
7378
6696
1387
5883
361
5436
2209
3789
4082
7849
8955
7189
5694
9204
8628
2997
3925
5251
515
5547
4084
5689
7075
2800
279
4149
3143
1618
1970
1774
7630
5011
4340
8774
5699
2150
2986
3741
3736
198
9633
2909
8501
8497
9755
9137
780
3950
2320
7093
5618
2433
3587
954
645
452
9569
2580
4883
3043
9777
4497
664
8219
5322
3415
1165
6190
4963
2459
1068
1104
6693
6118
2296
8075
8740
7832
4154
4683
6034
7056
1863
5644
3706
8024
9044
777
5570
941
2140
7391
9456
3674
134
763
5457
9481
5844
2195
7441
5333
7447
7066
8790
7848
888
2494
7005
6408
1482
8592
1409
1941
2614
531
5448
4423
755
6024
5329
9156
1229
9271
2713
28
8863
5345
145
8104
6775
1076
5989
4490
8000
2721
6210
2496
118
4213
8846
3475
588
3990
2664
703
3695
3158
3000
2671
4419
3210
7088
7517
9899
9044
66
4072
3700
5495
3807
8565
2328
2111
2497
913
9403
5632
3971
1666
4130
2856
9061
739
4243
1355
8334
1370
2039
1193
205
2576
1119
8187
4718
2809
534
5186
7592
5569
3838
1654
2071
7685
2279
66
5833
2481
9771
5858
23
6505
1688
6243
9081
181
3226
6210
8435
8277
9804
4873
2954
8063
5194
1298
8108
4750
3206
2325
2237
1360
3859
9353
5293
5906
654
1217
4092
1539
2857
5975
9737
4847
3215
5630
7585
2757
1951
2710
8417
8461
8766
8151
6479
6105
8672
531
4329
9273
5783
2666
646
6141
4977
4133
1585
2606
4997
4455
1733
5552
6420
9000
2242
5803
7466
340
7178
645
5902
5585
9303
8003
4408
5445
8859
9947
7525
3098
1275
7009
3568
7677
3506
4945
7394
3329
8112
9464
2881
5367
3297
4431
6910
3544
7100
4632
7609
7906
7448
8150
2424
8477
2258
9271
6348
4907
2270
4601
3640
9442
6031
2489
5343
4303
8412
1046
8590
2037
3791
7306
8430
5602
1624
8456
6248
2105
780
5368
6402
391
2682
381
5078
5443
4331
4928
2416
5997
2997
2576
9542
3496
3283
8817
351
2378
607
6121
4277
664
2382
5332
9843
7650
6753
6959
4181
5685
3842
7515
5410
1722
7272
3851
6869
7811
1530
5633
6826
5404
8198
4959
9095
7855
2131
6004
6967
7448
1004
4039
4867
909
7463
1183
5891
3787
833
7371
5307
7638
5217
2617
6836
5742
9343
9361
6428
3615
5894
3855
2531
9081
4768
7680
3480
265
8246
7924
8928
2849
1060
9289
9793
1541
4903
1147
2649
6219
7814
9098
3046
1804
1903
1560
5330
4722
4436
3383
6951
1950
1623
5892
9348
3148
5704
5305
2094
3599
9197
7800
5996
2034
724
7946
9445
2711
2355
4025
2250
4416
7203
229
856
9207
1339
4525
1287
8127
5982
1205
5145
5108
3512
5047
7962
3906
8095
8068
1745
4192
6797
8318
4626
6795
2214
3811
5208
7239
6075
2990
6414
8785
6649
1254
4623
7153
5191
9945
5470
8165
6982
581
8073
3723
5825
6614
5715
4889
7483
1814
9362
444
6488
1039
7343
3841
1481
7051
6868
9528
9714
4652
6751
4158
8377
2936
7593
8792
9689
9662
938
8702
1068
4938
2966
4993
9988
7323
6612
4866
1791
743
3640
2125
6240
3211
7436
6439
7261
4099
7016
1284
7600
4070
3733
5796
5995
2788
7790
174
8089
8954
8827
9314
5529
1696
7567
9703
9076
705
9568
2021
702
2316
9007
5414
7515
3947
7956
6410
6834
1308
1766
1666
2299
2920
4824
2883
5613
8711
1324
7764
3624
8723
5210
7015
7564
7677
8437
4026
8953
5890
5161
3410
5811
383
1021
6386
5272
2583
7355
2877
8478
243
9450
2377
6428
8869
7631
3538
7163
817
963
5029
216
5055
1997
248
9047
5892
655
9591
6814
7303
1288
3108
101
4362
4396
2295
9652
1115
4870
7763
3978
8560
5134
5679
8313
8875
57
4934
2005
3544
9848
671
1546
9638
3360
7914
6119
1068
2672
2734
1160
5339
1209
7775
3305
7428
3092
412
1484
7464
1873
2166
991
2461
732
2486
3184
218
6483
9810
8554
2213
7286
2046
6658
4935
9180
9566
4310
4379
5963
5353
1594
8643
1539
270
5745
5472
4663
5757
9587
2449
4568
3268
4190
3813
3709
2478
1574
8876
9890
4817
3341
9158
8263
7786
8785
9275
2627
5534
3601
702
5055
3273
6933
2788
7262
6332
1321
6677
7685
6594
2266
3074
6436
6168
3390
5761
7110
6772
114
1398
4570
1040
8129
4165
5618
8975
5210
263
3980
1543
183
9898
5327
354
9092
8001
5375
8181
8322
4428
9132
3372
6358
1267
3591
9559
6342
5242
4543
3734
5597
2833
6374
3384
856
9702
3756
4602
2961
5453
4735
850
6633
7159
8991
8663
248
3249
7417
9358
9033
5708
1521
91
5784
4476
661
7398
8489
1113
739
1420
7568
8741
4643
4691
9783
381
9254
4499
8480
5896
9427
7611
7129
7210
1855
5307
2572
7269
5502
9652
1875
7204
4638
7622
4778
4537
9763
938
4911
7803
6684
3959
2161
7753
6235
8951
8624
7641
6384
8058
8044
2181
4674
5120
3127
3690
8514
5230
5568
3059
5849
3472
5699
6092
1041
5456
5177
5552
3643
2694
1514
4019
4066
2100
414
4513
1815
5502
9388
1392
2760
596
3988
3654
6375
6313
4898
8068
1150
5066
9908
7334
7774
1425
5313
2841
3754
8208
2450
9625
7538
7339
4491
2350
5848
8044
9780
1050
1523
9093
9095
1835
9879
645
5589
4622
9927
980
6614
499
130
9735
5352
7029
5593
2274
3721
6570
6921
4195
6290
2237
3081
4788
8299
1607
9800
1130
4719
9379
1538
4739
9063
9700
985
3463
6217
2309
2781
3665
4344
823
8506
7809
529
6754
6756
2870
998
3578
7053
512
1235
6071
5349
3395
9949
6480
5274
176
8397
8589
6221
418
1803
3188
9407
9794
7543
8162
1782
595
3253
4049
7534
300
8592
3312
594
8071
7272
1935
2065
9235
5932
2208
5762
4878
5142
2104
7022
2335
5177
9161
2425
5971
3885
7950
1855
4580
7854
3637
5497
3097
8997
1263
6140
2209
9317
5052
6595
2885
6183
1585
6296
7684
4004
3107
7920
6926
8045
989
4765
7916
974
2176
6962
4206
461
1960
445
4228
1650
4078
6722
7184
9257
9914
9122
5414
9415
6290
4208
2197
1829
3398
7015
387
7922
7848
5929
8850
1272
7150
1041
5383
5690
1677
1970
3502
5477
3940
3973
3806
3496
9926
4813
6206
8646
3693
6700
2166
5469
7056
9683
902
3035
2779
9329
3103
6920
3491
1730
8043
8621
7620
707
3000
924
1424
8621
4221
5958
1694
2643
4238
6361
2497
7436
8564
1610
596
253
3251
7243
6556
5404
8808
8642
5058
41
943
166
1536
970
6667
4711
6223
5280
3839
4908
2842
8857
2783
7749
9778
4982
6429
4525
4171
5619
3729
5037
1242
7659
6887
9463
7578
4402
3573
581
5896
2845
4912
1013
6352
6298
1875
4826
814
6390
5314
1259
372
367
2033
7288
5548
3731
2866
5977
5171
6867
6299
7427
3381
1606
5963
8283
5924
6490
2897
4014
1119
5716
7931
6625
744
3310
8062
5600
4483
1975
8670
6466
5652
8623
6480
9151
5174
3433
1519
8296
8873
8070
7842
7025
3563
5175
1392
2407
578
2838
8790
3365
7692
5916
735
676
8494
8094
772
3324
9821
9788
9141
1210
7519
5397
6818
5433
7828
9398
2461
6067
8033
9085
9681
9179
231
179
9398
7901
1057
8611
2795
3180
1804
3629
6303
4986
2526
8105
307
7451
918
8621
5862
6027
217
8417
618
3564
2817
7592
1470
8085
644
8043
5442
7154
4810
2686
2259
5751
5074
5169
2300
6319
1323
4239
4702
1852
8132
2242
8287
787
6154
8984
8605
4440
2097
3961
4321
3826
8908
3461
2894
5193
2341
4043
4195
9446
8409
7619
4725
9020
4590
4208
6483
2543
4945
680
4339
8972
1993
9578
4490
5663
3910
5265
4070
3364
7488
8042
6056
5205
2352
1049
4115
5053
4444
7139
448
7226
4297
7851
5005
7909
633
2535
4959
7656
7510
2793
9903
4704
2987
5693
6581
6287
405
3477
5281
6740
2232
5777
5902
867
6966
6203
1288
6719
8248
9986
2971
910
8810
7733
1391
6667
9608
8932
7393
2076
4129
5355
7976
5216
497
4324
958
9310
3104
9934
1910
9748
9664
8439
95
1702
5725
8309
8849
6147
2879
6899
7877
2438
7666
1332
9167
3728
1951
3817
2087
1296
9534
3969
3690
9213
5902
3783
3583
9212
9411
921
7377
743
8715
647
9202
7744
2624
2477
7632
4863
4899
6318
7302
5050
8041
1441
1127
3596
1915
7183
140
6507
4753
5607
4521
2586
6929
5064
6238
7935
4256
4936
5623
811
2108
6381
1522
8386
2489
5976
4241
8642
1605
229
7576
1429
5098
4201
3791
273
129
5279
673
4547
4764
9210
617
2329
6278
7689
2698
29
386
4686
2191
3385
3407
3409
7851
9597
1778
9855
8270
2937
525
1273
6934
8333
7863
9868
6240
234
1569
6600
6726
7647
7221
4734
4978
9266
7231
6033
1964
2819
7173
7939
6804
1368
2125
8741
9430
4112
7333
1755
9302
5177
9733
7819
3753
7615
3354
6416
149
5419
291
506
6307
3303
6247
4381
6059
241
8411
7159
3414
7515
5357
7042
7403
4791
2488
788
2222
9317
5600
7310
8785
3821
1569
2382
1193
7068
7997
5253
5225
9434
3631
4198
2914
1191
5542
5917
8871
1161
7959
7944
7930
1478
7386
611
4786
1383
2121
8563
5364
5770
9667
7805
4965
2782
6852
240
4940
9249
818
294
3369
6441
9979
8355
2550
7023
5732
4164
223
3614
2155
2984
3973
3321
4850
4659
7706
2316
730
1024
3196
1723
63
8837
4546
6793
5262
9317
3679
5813
8239
4548
4976
9074
5262
8889
5026
8844
4646
6180
5666
4265
4262
5761
3021
3459
5762
9457
898
2268
3074
4398
6400
5686
1368
7230
948
5701
4816
9971
8332
3276
784
6736
6523
467
2030
9139
1320
1874
1984
8261
9931
8199
1939
232
1577
9551
6048
2452
5753
9770
1712
4245
706
1978
2880
6852
8257
2948
9735
6451
1946
6831
4072
7702
5613
2041
7549
3230
1482
2582
8570
8268
7334
2641
6181
2022
2291
3139
4057
5198
7208
1103
7918
4840
9495
2655
9164
8843
7099
16
8901
5499
3116
6897
6563
2399
601
2447
6375
1839
7330
2991
1868
6880
2268
3352
6460
4908
4136
3570
1843
2022
2110
9758
9976
7909
6973
3564
5158
1201
6215
2887
1107
4193
4493
751
3593
303
132
7549
6319
7598
8464
1061
8933
9198
383
2832
1030
4789
5744
3702
2589
3542
9958
1304
7044
3388
7858
9421
9012
2460
8854
918
3598
2600
1516
7749
6263
7079
9749
25
29
6309
3180
163
6120
4174
7022
8571
4545
8359
3437
6295
7560
9684
4159
1742
3896
5089
2616
8032
6588
8894
5110
9272
5059
7167
5017
4125
8657
5758
4359
8238
3469
146
3806
6914
6535
6363
2774
9956
8626
2867
1169
7135
4938
9898
2721
7835
6757
7458
5438
8744
692
3650
1818
1719
5872
3455
3938
1789
1565
4487
8431
6858
6409
1324
4113
2247
3994
7201
2979
84
7911
3172
2299
5679
8441
7448
1821
8681
4354
6665
9791
4332
5359
6946
4869
611
8387
8901
9642
36
8604
985
9065
2452
8905
241
7372
4993
5108
4413
8378
3367
7986
3855
2503
2643
508
3719
3974
4220
1670
1036
4636
1506
1844
4299
9724
434
5623
128
3936
8064
7995
1494
8152
3498
6988
7167
9175
1991
6164
9648
3535
6650
141
2662
8123
9635
1272
9784
9414
1187
6382
2138
8167
7758
2446
1940
7450
7597
4372
6912
2169
8881
1710
3751
2847
5367
7780
738
5401
6917
8093
8425
5405
1914
4176
5165
7030
7902
7411
7642
630
18
6057
3126
9134
5601
8197
4361
3593
8742
2890
9044
974
7208
2709
7098
5209
6248
1295
6427
8672
5298
928
9421
3764
1135
5263
2024
75
2514
924
5222
7464
7281
5081
862
3080
5407
1096
7772
5947
7582
1002
6952
1550
4521
6084
9752
4539
6880
7207
1178
4030
898
2559
9236
1467
4355
9311
6070
899
1625
3282
8177
971
9
5181
8696
2818
9902
8964
4818
2346
4362
6492
4072
1998
4545
884
6254
9576
5820
5549
1522
3465
1171
3598
125
7803
8087
3852
8622
6392
4162
7118
1124
4749
3345
2225
9473
5884
2162
4622
1777
4394
3559
1749
9490
4678
7958
1944
9067
8486
8339
1857
1688
4411
4055
5138
8727
1622
1693
5540
2634
8831
1465
8628
8466
2818
2018
2521
6831
4209
4320
239
55
3793
6206
7497
920
2178
1903
878
9694
6525
5789
7525
7589
6505
9541
482
2834
1251
2814
276
607
5765
1189
6091
8281
3944
7788
2310
9313
4735
2357
3303
5276
5577
3137
6189
3873
1713
6994
1883
3897
3295
8555
8338
5769
7014
8167
2708
8803
6724
654
6662
1953
7787
8872
9542
1375
656
5143
6698
7475
7001
5908
8171
8572
2121
3091
11
4109
9210
174
6466
7963
9778
1148
8214
265
485
4143
8798
357
7124
3716
1691
9470
796
4711
1843
9870
6786
3822
1260
7912
3673
1656
4683
7469
6754
8785
5631
2338
2107
2503
5724
46
7564
9703
956
2784
6661
8461
8175
993
9266
4654
9219
455
9321
6750
9825
6599
8064
8095
3913
80
8326
9246
1046
5302
4181
419
6935
3479
8564
1696
274
6584
7188
914
2442
4206
3321
7059
1005
5287
6479
8170
262
4877
2483
1924
5220
9057
6531
7844
6841
9787
5149
1878
8371
2920
2779
5416
5196
9347
7583
5132
4736
8421
7805
630
4602
4304
8114
230
6145
5642
5768
4295
3885
8290
6432
563
5173
8163
5656
2259
5898
3375
9892
2498
5862
3809
4797
8130
5435
8081
5476
6570
2263
8404
7761
8686
4386
7846
9786
9690
8851
9007
8647
7350
9164
5331
3177
3765
4468
2690
5564
2602
7792
3456
5934
3104
4107
3184
9121
8033
161
8177
6632
8503
9659
1423
6958
5334
2287
325
6208
7806
245
1476
1768
3098
6787
7707
9571
959
7697
9415
4414
9071
3231
200
2598
5866
7751
4673
6719
5487
1958
8109
7986
7625
6744
8836
8518
5537
7064
3815
6252
7315
1744
5625
1205
7424
3521
1083
8993
3774
3071
3138
3501
4608
5167
4177
1770
2008
7950
5166
9040
9270
2176
1749
8872
5140
7076
5404
4710
2454
4188
5126
2517
8578
5352
9379
9516
7254
2354
8073
1270
3142
3311
2442
7777
9883
7964
3272
3861
1228
6835
8266
6697
8319
8662
2531
5691
9943
5857
4508
3042
7166
255
4988
5791
5744
6281
6729
9712
5499
3202
4076
584
9230
315
7394
1493
2190
7226
6919
3244
9120
4151
231
8524
8650
4560
8707
1755
3160
1435
8478
6669
4039
9289
667
134
267
1922
424
3414
1704
1957
2096
7920
8768
5155
7884
1449
7826
9494
2296
4227
7510
961
5024
2026
1776
5439
4219
3254
7914
168
8014
4627
7406
3585
4913
8298
411
3067
8826
6534
605
4034
1627
7309
5816
7341
9641
8721
4691
1360
9320
4627
3922
2827
7610
8315
8845
2045
6849
4038
7451
3453
531
1212
9168
5385
3136
1273
8925
2969
4182
1991
1935
7103
2133
8451
8309
2711
3283
3126
2118
7068
1165
8991
1040
2263
2313
5390
6123
5699
9941
1292
8964
3096
9238
182
1451
8744
8690
4142
6480
6202
2567
2727
7795
9093
9603
8106
7584
1269
56
3340
817
7903
2860
9569
3467
7973
8833
2854
6286
7666
9105
8392
7200
3739
2667
2081
8109
1041
1021
1486
8167
1964
2671
1628
2212
8440
8551
7115
6688
2275
8435
5276
6936
6410
9818
3319
5489
3057
8983
6664
7265
5338
6580
1673
4967
5016
3104
1772
8619
1149
4840
5448
5676
3959
3522
5436
1254
8774
5120
2326
7967
7733
9672
4709
7325
2241
7705
956
5205
3157
1652
763
1078
2061
8796
3646
5632
8140
6752
7533
9430
1643
4963
8644
1674
4181
119
8288
8811
6152
6721
8498
305
8416
6866
1348
6304
7968
6414
2821
7444
4336
8486
2239
7790
5401
4861
5811
3942
6732
2240
9642
7902
3544
444
6875
2073
7688
3205
9236
6435
168
4933
7228
6803
2874
1817
7511
7829
8988
5257
8900
6974
6201
223
3309
1598
8226
9253
378
4107
9845
9900
8052
8562
2146
6799
723
5765
8186
5807
3117
6988
3214
1116
606
3778
2556
6739
6869
4124
9204
9940
2630
6349
9105
9633
8417
6853
5931
4035
8096
4045
5328
363
2794
4849
8757
8207
5267
9357
3330
779
1344
5286
6314
5677
4874
1034
2521
6249
682
8512
605
1926
1105
2455
1794
1533
1732
6420
2482
398
9130
6246
4420
5112
8055
2685
170
918
2692
5167
8873
8643
2614
4235
9300
8685
37
9679
5058
7610
7944
4729
3026
9808
6901
142
9139
7860
4301
4337
9357
8201
6735
2317
5793
6199
8785
3715
685
9468
5927
6302
9826
8934
4752
1781
6127
1563
3512
3199
8581
8232
4882
4019
9706
9106
9499
6217
3983
6550
9811
7735
6742
8932
2160
6625
9355
7424
909
4800
3942
4182
1911
7353
6058
9829
6877
7679
2780
460
8518
8093
181
8776
1105
1118
9572
5560
4735
5814
6531
944
8475
3677
6370
1384
7205
3618
3122
7957
8776
5342
3269
8370
864
9100
3979
9428
2176
8823
4612
5213
4562
8361
1593
9539
4394
4179
8742
5792
9548
5245
573
57
6037
2728
9654
4710
574
3449
8457
9971
4735
7723
5474
2060
1448
7004
2913
1226
8896
1643
8894
7164
9486
4149
9733
9832
406
4011
7298
8144
9062
1724
7459
4646
8343
4924
9428
5038
4237
9244
7260
7555
7942
9107
5596
7018
2401
4437
181
3427
1040
7813
2930
6861
8840
284
7126
1304
2241
8246
237
1824
4777
497
3662
2503
2255
5751
8871
8168
1464
2055
5366
3032
4491
5216
4367
6485
147
940
4403
2667
9830
3518
7768
6545
7693
8414
5997
5452
7591
9826
9901
3636
5584
5936
2543
6816
8227
2429
3762
8630
443
3451
9052
6797
9297
6018
4363
1556
7234
7722
7416
6128
7353
5625
3312
8194
486
9705
6643
1227
124
7719
1861
290
176
8054
7201
3578
6544
6329
9833
4801
9807
919
7650
3359
7793
5978
5933
9356
241
4808
3926
1938
1805
2499
4845
7939
2199
2824
6508
2260
870
6453
2073
2402
8101
8665
9394
4625
8923
1500
3602
9227
315
8390
9729
2415
2456
7267
8071
5237
2435
5682
4356
1319
916
9968
1309
6019
1959
1833
56
4453
4341
1755
3837
3699
4328
6319
7420
8295
1207
6268
3947
8320
605
1800
4920
9340
7204
7142
4510
8776
1435
7671
6795
8649
3259
2243
9039
1322
5478
7367
3913
492
7787
7429
3392
9086
1905
1301
6771
6634
6390
2359
3390
9090
5136
8299
5876
5314
4986
2100
8833
5457
2199
8171
637
5489
7301
8887
1391
5147
1893
7273
9864
1858
7474
1155
2443
1135
3686
3128
8868
8005
5028
8741
6090
9697
5448
4991
3760
3964
2618
4143
9930
9678
3043
6058
53
816
7607
1138
4988
2082
4341
4177
9230
4910
2492
1805
8758
7941
9268
1220
2591
8758
7807
8821
4082
6781
9789
1114
1908
1268
255
6718
1468
1059
9907
2702
1590
7839
8447
3794
9259
3243
2025
8463
2383
1103
8178
6881
9717
4172
1885
1434
8880
8673
4496
5483
8662
8026
7153
7941
2262
4686
5398
9612
9255
4316
2023
7720
9079
3300
7133
4949
946
8975
2577
4234
8367
7265
7547
5976
8216
5020
1995
637
2542
9740
3964
5859
6565
8170
1213
7213
1696
5786
1069
6779
2612
8764
3304
4005
9639
2251
9120
4391
1552
3442
4664
934
4290
9129
8376
3766
4409
7030
4957
1420
6664
4261
7351
3524
5456
342
627
8793
7260
6805
8746
3588
8957
8341
8721
9621
7029
8205
9972
6272
3159
1334
7743
9011
1842
6860
5954
7857
957
8231
5230
8700
9716
6043
4648
4994
8219
33
4573
9726
8343
2980
879
2004
6586
5312
7470
661
4171
4512
9422
8370
8227
9973
213
8885
2755
6092
7848
3571
2104
8440
6714
4762
6176
9657
9466
7436
7192
4027
6157
9729
1685
6409
4684
3260
7312
7259
2364
449
6175
9733
5767
8041
6528
9958
3588
7134
8645
1537
1070
652
8122
150
5151
6545
3079
8027
399
3412
1764
6333
8399
8714
4505
5643
3323
1271
7336
5194
7055
8870
8091
7584
7090
4477
4530
5182
2793
4617
2518
6034
7990
6479
4175
195
1812
7442
9970
1155
4298
7120
9363
4446
4970
5177
1061
2610
3371
3433
2085
3578
3982
4651
41
449
5809
5956
4765
3480
5265
3241
9030
560
373
1044
2911
3496
3509
6268
4397
5199
946
8892
6265
8690
3036
6253
4044
430
576
9899
7884
6842
5300
8373
5425
5092
8184
5457
5470
6998
5452
3124
7669
364
7054
2508
5980
5634
6994
7935
6051
7554
2371
1596
8025
2808
9903
4148
7937
5699
6581
5090
8671
6758
3804
7527
6648
9229
9298
1860
6867
6438
435
9569
8821
9521
9350
7754
8238
9172
924
3865
6953
9578
6790
4341
2238
1271
504
2278
133
2472
635
3951
3888
826
2771
4723
2387
1580
1527
6737
1729
874
4476
6463
4116
5971
6527
9514
8715
8657
4866
5771
1883
5976
3381
7238
3782
9496
2824
1602
6024
7776
6859
7279
3783
3457
1208
3428
6195
5122
223
8809
1778
31
6413
7745
9893
5936
4750
8864
2518
7707
1737
6831
759
7246
5814
2938
4185
3212
6125
9792
4499
3359
505
4431
867
9924
1694
3163
1404
1560
2513
7448
2712
2337
8073
3127
9975
5854
7795
3306
7264
2946
151
108
1026
6358
6783
4304
7253
536
378
2813
8652
4602
7352
5325
9159
8293
1013
6837
5902
7546
5143
844
99
9578
2046
8327
8908
4113
9583
6375
3668
777
6024
2544
6524
3833
1259
2429
4098
4533
6713
5089
554
6343
8830
4564
38
1460
6927
5010
7774
191
1373
9906
5934
3424
8666
5306
702
9949
1639
6109
9793
8937
1203
173
7035
1369
7211
4164
8422
5370
5724
6695
9868
3916
9110
8468
9646
8514
9437
3754
9230
9550
1436
8340
1489
8058
4837
1489
1328
7875
2359
1482
9895
844
5823
2982
5254
7532
1653
7195
9849
7853
43
3178
4443
4773
2036
7359
5746
7397
897
1524
74
175
1155
3279
6180
9735
2049
6070
1275
4207
3389
5814
5499
717
7419
9479
6190
604
3977
5556
4418
4557
7483
5814
6511
8377
7063
5528
379
1863
5359
1187
5046
3185
4490
5669
8151
2710
2867
4141
6324
8512
1646
4580
3835
7147
6405
3090
2246
8337
727
2078
6714
5123
867
4821
8778
1834
8054
439
6873
2948
4126
501
6723
5533
3414
7139
312
9972
917
6750
4607
9736
3012
691
2393
4154
9884
5309
4133
3199
1254
3194
3667
2943
6499
9857
5720
3703
4129
2782
8662
6441
5043
5665
1812
9805
4239
3512
3879
8546
2311
2666
2030
4835
3665
5655
1444
6850
8971
2014
4776
5312
6569
9366
2412
10000
6816
2943
1541
9898
3315
8255
4618
4818
2400
6299
9161
7439
8767
6962
6022
7882
7833
7609
9697
170
1000
4288
4101
870
4752
2986
3371
8714
8917
4240
8145
3519
2590
1475
9029
3439
9244
6163
4423
8594
4662
5721
6442
7699
2816
4608
8210
5459
6639
5853
7460
1431
5993
1544
8998
7455
9366
9807
916
1328
881
7761
559
9615
3476
1901
2495
7778
9783
2602
2965
9637
2772
6067
407
1376
5690
8711
2464
9027
9210
9159
9984
8776
1562
9425
1022
3368
8306
5370
4618
1422
4779
6216
753
3387
1861
8533
438
7615
4757
1894
9070
9021
5667
1552
724
1415
282
786
643
7263
9789
4781
2481
416
3144
7908
3628
6263
6101
7992
5647
5163
6484
9418
7451
898
8229
8859
9035
3841
5100
8042
1145
3905
2243
3667
8454
7869
9649
1737
7666
8827
5987
2044
422
8872
996
7094
3192
4982
1389
7700
8866
3147
3194
9750
4943
6908
7377
4086
765
3157
8538
3868
1624
5340
3672
287
9974
3973
3562
9063
2413
3750
8346
7840
2319
3517
2036
4854
9776
1358
6518
9906
5999
8391
3083
3392
8756
5441
4132
6999
7810
5081
8583
4559
858
3932
3535
347
8138
4988
3552
3934
6857
9365
5231
7002
763
3516
8892
9567
9049
61
7390
5837
3532
7830
7541
9638
2112
8944
6248
7956
4229
4174
1907
9547
2725
9753
763
722
6605
2605
5393
9212
10
3054
8490
5584
4378
5601
2011
8979
9821
3079
8946
5797
2052
2602
8553
7149
6498
6134
1486
3989
7842
9935
7763
8170
1661
3104
7271
8256
647
2171
8226
482
6467
1842
9668
7804
3261
3555
8911
2579
4542
8205
2224
5539
5379
567
8497
5038
4141
1240
2362
7789
154
9316
690
3707
542
3324
1657
3035
8301
6931
1391
271
1333
8880
6137
2767
1636
5349
958
2741
7842
5506
88
9593
3018
8660
9804
2140
3148
4135
2371
7392
9736
6780
6212
1400
6118
6046
4938
6125
1845
4174
7719
1146
7026
1314
2616
8862
1950
166
6743
4514
4327
6841
1304
7496
8928
9172
4844
1293
4342
2595
8903
7749
874
8940
4544
4937
4909
6050
7474
5276
8623
9558
4275
3555
4332
818
3199
4439
8936
2245
4073
7471
5139
2734
4323
7785
9394
1806
2018
7254
8204
9989
3382
2495
31
7826
3966
3392
6558
1703
7604
9520
3707
5643
2815
3929
9859
6058
5830
6179
6742
3957
7720
7671
474
6298
3028
1311
2605
5494
8782
6299
4433
6028
6674
5757
2993
7165
1459
2829
689
6178
249
8966
9403
2978
8173
9559
3193
8674
9507
5031
1824
5538
3541
7281
1134
1685
781
655
7255
7300
8043
7641
3099
3588
4458
14
1125
9242
7505
852
2899
2094
3820
2602
4325
4930
4580
6844
8142
973
8623
9996
5743
4317
8696
7917
9244
8462
6695
1194
9401
5023
4459
9632
815
7665
8330
7604
9490
4783
5640
2802
4674
7999
3165
798
5151
6053
369
110
4591
5894
513
2394
9944
4375
4185
9447
3418
6749
9855
9902
2661
4500
7190
3647
9415
1082
6531
1600
6566
3339
3112
5362
5049
5094
7820
8575
7432
3933
981
5187
9683
4626
3397
8350
3111
4600
9628
5693
8261
843
8683
1213
3220
9947
1453
3208
539
763
5218
6687
4107
2616
2556
5056
4927
8829
3361
9515
3470
1315
7273
8418
7804
5763
7425
9323
1960
7483
9786
5531
7381
3314
7642
146
8493
2806
3116
5182
3750
179
6113
1729
6017
3319
5186
8845
5581
9278
140
3032
6568
5103
4441
44
64
7619
6403
9038
2217
8129
7829
6694
3593
9569
8868
482
2226
1933
7638
5637
9932
5580
3026
6739
176
9998
3342
139
5761
1983
1647
5790
8750
4584
7864
2864
4594
5985
9317
1002
9456
9550
9505
859
8521
700
5133
3348
7923
1194
6410
8375
6878
338
9501
7
527
6324
341
223
8271
3450
4185
7582
3761
5818
8035
2295
6200
3812
6979
4362
9007
329
2534
4788
3848
4826
9927
9029
5198
1293
3498
3380
8485
8195
4075
4704
4276
3650
5719
9912
3351
768
9255
1339
4973
8213
643
8389
2804
9589
7518
9274
8917
8123
7720
6312
9809
1426
4759
1938
4239
6613
4183
7799
3488
2265
3681
9362
6107
1908
9764
3476
8245
7217
9601
8044
9848
6065
7524
8298
4784
4279
8438
1558
8330
112
9130
1669
6694
20
2192
1822
2134
5255
9535
4641
534
8996
1842
1672
4343
4233
9114
5556
9353
983
5846
7559
4909
8670
8758
9649
716
6303
769
2846
9695
8658
196
9082
2190
7358
10
9013
2235
5681
5538
4969
5921
1703
3865
7714
3567
9165
6408
5217
8523
3172
2147
4148
6484
475
2329
9539
5587
3287
3249
7388
3441
7288
3491
5127
1548
1841
9278
2793
7904
2051
1898
4344
6189
5748
9840
8962
8424
3105
5896
4780
3189
7243
9002
5031
2582
3441
8521
2954
8211
7733
3877
9431
8232
1725
3013
9388
7188
7152
218
7096
2513
1035
5229
2025
8025
5273
7722
4571
9305
666
450
979
6183
4434
4095
1770
9050
3443
9896
2388
714
14
6922
5185
7240
1919
9117
6336
3293
1438
5565
4021
960
4472
3254
7044
2259
5610
1191
5556
7802
2797
9143
9920
9531
2107
5715
9895
5854
5817
96
3332
1850
3485
4810
461
1165
357
5352
4332
7915
8416
3729
9985
4756
2200
8881
3483
4276
112
7821
1345
1484
3045
8540
6564
4502
4844
5252
5010
2896
4396
5272
1493
8839
3249
4543
7447
3586
5681
3376
3145
7785
4496
9353
7164
2622
5491
6027
8409
7687
2212
7613
5951
9363
384
7214
3890
531
6693
5810
1046
2587
8962
4229
6084
1317
9247
3754
3158
3413
7975
2567
5736
9193
4830
4088
1080
767
9078
9473
2979
1079
6853
8835
6244
8247
1561
9994
3782
4193
7131
5375
9239
6882
5898
4784
5125
6997
3934
7765
5716
7939
9665
3880
6251
8258
3098
651
4223
7640
9250
7987
5754
6999
817
896
3589
4965
1920
7452
6908
8261
69
2325
3904
1296
6258
5665
735
8652
7451
1703
1008
4992
6153
6541
5439
2389
9330
5701
1267
663
4858
4493
7112
7605
8472
8103
896
3592
7875
7787
8737
7348
5753
2177
1920
618
1030
2099
7539
9360
3382
7169
82
3113
8154
2700
796
3180
1032
7952
718
6190
5102
5149
6974
7778
627
5705
9864
7204
5082
6823
8823
8834
7306
9920
6766
5700
9415
7658
9438
1654
2265
3632
19
7226
2076
3085
961
1749
3029
1598
9985
3354
5172
3560
3820
6415
7129
1234
4253
3291
6781
5630
2578
3257
7611
5817
4332
1910
9250
6083
240
9848
4024
3909
3517
618
9711
1276
7833
109
1136
8169
8501
5586
9087
979
2018
685
6446
4229
6406
1032
7295
7036
3980
6682
4562
4361
8455
1024
3992
397
3691
2656
2388
5187
4909
9976
6138
230
6397
7360
7341
1999
7466
550
8685
4400
2601
6121
5191
4170
3285
2557
1173
4044
7500
3446
3670
9392
1799
1516
1604
6256
816
6923
1957
7068
4107
4591
755
775
381
9347
1435
3414
9743
1655
1176
3138
654
7214
4133
2248
794
3035
3374
2814
7097
7606
8391
3077
5736
4321
9587
4338
532
276
343
4437
8321
9890
5360
7665
6320
9366
4480
9139
2323
7430
5881
1933
5213
4344
1114
5934
6393
4638
1061
110
9761
9563
7967
3479
3920
9930
7054
6737
5526
3907
8822
6008
2432
635
3846
368
4719
8354
8563
6881
1213
3360
8094
2134
2297
8454
5192
1018
1796
8879
5782
2262
60
3084
9089
6715
2474
3554
923
2662
80
986
4566
929
2916
5476
4140
8700
9169
3107
5392
3491
293
6149
820
6994
7977
5781
3558
7661
1634
2638
950
9325
637
5910
9165
4635
2238
4763
6726
9268
8527
5497
1978
7167
4074
3996
846
5954
8194
4180
6852
6503
3764
3349
3852
4178
1263
5842
7888
6012
7440
1468
9689
9919
3063
229
7018
7196
8554
5654
4196
792
2120
1083
7187
8224
2491
1330
8207
3197
8537
4988
5911
7428
5036
7252
3458
3155
1779
9878
6647
9581
2613
280
428
7446
6804
3355
5652
9477
852
3169
9718
3430
5288
4882
6174
9867
9545
9934
7594
1372
7246
3561
9796
5696
3875
2508
4802
3464
4408
7129
8071
2838
2939
8478
756
1482
519
532
2928
4772
9548
7260
1538
8589
1121
3961
3799
7902
7449
8475
3853
2614
7167
6455
6023
6885
5898
8105
3398
4461
754
5435
8833
7196
3412
8900
6421
7347
6106
1079
9038
5130
462
3886
514
3989
8009
5047
3121
4564
5610
5291
4141
3826
1941
9092
969
5923
5796
565
1814
2287
6343
1155
4872
2174
5229
5378
9615
7380
1497
7565
6614
5486
5560
9523
3158
4458
1610
2612
662
9054
2223
9340
4507
2709
3488
4720
4776
2709
6340
6237
6170
7806
2142
5183
2782
2246
6046
508
1116
7676
9370
8383
3608
2598
8375
4042
4446
9312
8833
7433
2950
6607
6648
7180
4312
3941
588
4799
4250
2629
4079
8379
9515
3454
1588
6369
611
8723
4533
3441
9288
3438
5565
7340
3750
1458
1535
1015
30
8039
5924
3281
1345
6047
7624
8759
1573
2052
7564
5166
3629
8602
9141
8919
6059
5033
1966
6232
895
4903
5770
5164
7984
1880
677
6967
6080
359
1074
3656
3419
4435
9162
4383
9617
5138
5866
6890
2338
1562
9264
7354
9832
5312
4476
226
4925
8149
1554
2279
1226
2892
1571
6670
4693
3030
3216
2312
7850
1603
8642
2167
1609
3091
1
379
5830
2539
7
3078
3848
9315
2678
8430
7857
1801
6431
8289
1443
5451
8365
6649
2614
513
2691
7275
5815
6448
6611
4506
6745
8821
9668
6809
1007
7092
8090
2769
1320
5936
6748
5970
2845
205
359
3711
2227
1213
6569
3946
8784
387
4820
5458
5973
5058
4626
6604
8215
9567
9856
7165
9007
4264
5058
9542
7189
1749
4784
5390
8304
9814
4168
8188
3036
6154
6172
2331
1961
451
7872
6027
1566
511
7026
3216
2077
3846
4086
7228
2316
7294
7414
8071
7101
6360
8884
7876
7003
9190
1008
2302
6500
7240
5554
3319
6068
2193
1032
9443
4356
3860
9017
8385
8920
8706
2215
1544
608
3884
8694
6299
753
7604
1898
5901
1840
6810
4881
5963
8619
7588
7687
8103
2903
7319
20
8187
8027
9047
2181
6279
5180
7831
581
2195
9755
2413
6662
2703
9408
96
641
2048
1511
920
1196
2004
3892
6716
5019
5962
8615
1955
8068
9583
9821
8194
5530
5255
2151
2625
9391
5003
4047
7191
9421
182
7058
3898
6298
5157
4412
7772
7967
1544
9895
1908
2173
8696
2964
8424
8250
2304
3900
8190
7805
278
8517
5393
7251
1151
3801
7085
1143
467
992
8728
5094
8287
5609
8
5791
2462
4349
9349
3226
5301
6806
6707
8321
9089
2504
1783
901
2812
7977
1560
8547
681
555
3897
1970
3862
8142
8660
4625
6700
7399
9568
5642
1624
3227
3151
2827
9108
4598
6368
3332
7553
7561
4847
5867
7123
2349
4218
400
2523
4012
3243
4733
7420
5809
3285
3515
7737
74
7050
1161
9509
3299
9163
5447
4209
3006
4648
6122
4804
5943
7621
2872
5607
5651
4069
4434
8155
3192
3435
8547
2578
4461
7742
8133
507
7577
38
4384
7507
2417
9194
6268
4857
2138
5911
3318
2938
2971
3716
884
6764
8508
311
5044
1834
6449
5965
301
1351
802
8222
5645
242
9854
496
3461
2607
3898
5889
1262
8071
5901
1921
6543
2459
3847
317
2894
6407
4410
3317
5823
4328
3610
9728
6459
6774
9052
3069
3511
9953
658
8448
6569
8611
5034
6914
8427
8396
8061
1990
1629
7830
2197
7777
2711
1562
6131
4721
6481
5335
8598
1302
6581
9050
165
235
1770
7021
2795
872
7024
8191
2797
7357
7202
8954
2377
7019
7169
2704
419
6852
811
5079
9320
3456
1854
6935
4613
7022
971
3255
832
8656
8770
7093
5089
7131
3534
2755
8338
4915
697
6306
820
6841
174
8840
5113
1623
3694
9572
6036
7491
794
3847
2186
2192
4931
3838
6467
9062
175
1077
125
5554
5791
1170
19
4824
6632
6508
7886
7628
6310
1035
3925
6220
5009
1606
7495
6764
1162
7309
2751
1903
2469
4672
5408
2549
6009
8987
4624
9541
6481
9705
6615
6654
6788
1743
860
6862
7241
1365
4458
4107
7665
8960
964
769
3167
7338
9501
7380
7422
9593
3464
63
3824
2604
2364
8492
1720
8691
1571
4367
6754
7521
2084
3225
1679
6612
1727
6822
46
2105
3634
4927
676
2496
3280
1777
4865
5594
3441
5546
2640
6885
2763
8066
832
8066
9119
5542
5051
9539
6349
3688
9836
3963
9957
4321
3940
7974
576
8493
6666
9483
8273
9730
7842
7367
5558
8560
7092
8858
7842
8146
8031
9779
3693
7826
3619
458
3427
7499
9220
8983
8956
6062
4365
1358
6230
4777
8742
115
460
8140
4994
4647
4157
7624
4762
2885
5854
4790
6149
1111
591
8498
2316
4437
8436
3420
1618
5189
7802
6709
168
7025
3999
3879
4835
5522
881
3208
7067
5834
6266
4992
7676
231
6456
8781
2370
7017
1089
6844
9189
69
1241
5865
2203
9469
8103
2036
7265
1388
2946
9694
9387
7727
9058
3654
1950
6318
7673
628
534
4433
5400
5588
7997
9139
8553
4494
1555
8682
4835
1945
2859
7334
2190
6440
1478
2520
7725
4124
8672
846
5269
9014
9491
8205
6689
2601
599
3868
4488
1388
5605
203
8857
6882
58
6741
6645
1364
9525
358
953
1921
4658
4806
2989
8702
5398
6880
3318
6035
2663
8493
4373
240
7193
4472
1842
2962
10000
5851
5969
9681
4414
5303
1541
9855
345
6018
4487
7823
8417
896
1382
912
1886
5927
1150
2083
9690
4737
8167
2539
9758
3329
4996
7359
6572
5515
7091
786
5606
8559
6200
2994
6847
6048
6181
3438
1656
1986
166
7074
1942
4341
8399
2327
2327
4104
540
9250
5187
9807
446
8850
1487
4921
989
4444
1669
6624
753
2408
5889
3619
4639
7331
3156
7876
1695
7068
3077
6684
7434
4189
8715
3890
9602
6619
735
624
4510
2952
1701
3312
3428
751
7829
5279
6764
5099
129
1283
3455
4612
4959
7377
3445
217
3408
5105
2766
7717
7732
7825
7048
2955
3959
8728
4931
5475
5566
5789
3274
2381
6618
9560
6699
5073
3764
5894
5630
185
7918
4273
7665
4176
165
8496
5592
2044
112
6967
2320
3737
9653
9860
4254
1501
5320
4157
4329
4755
5746
4039
3126
3523
2046
7290
2851
767
118
5499
6966
1579
4990
2355
3919
4862
4845
5384
668
4854
9318
5909
3835
6752
120
8417
1638
1861
6734
769
4936
1890
6418
8677
6915
3290
595
6964
1291
837
4520
7491
2652
6347
6504
8472
4429
3896
2897
5399
6355
1163
8203
1366
4036
774
5499
8266
827
9485
3145
6941
1204
5115
6261
9529
7394
5297
4872
5045
5204
5593
5036
9484
4725
3821
7850
5782
169
9215
3960
3483
7480
2865
4572
7232
7840
9378
716
1314
8629
378
7918
8931
5573
5734
5772
9997
9247
1736
5397
1880
9843
529
3411
7513
2223
4675
158
6673
1072
9671
8617
1634
2736
2983
2502
7810
5654
2785
9807
7287
6870
7151
8858
1745
9668
835
8780
8216
9111
6335
9357
6294
2972
7328
2986
6495
8836
2540
3053
9478
2286
6769
1114
413
5915
322
3440
7247
6930
7905
8281
7960
561
889
8244
3175
3381
8928
1
9798
6972
4072
7817
9170
278
7761
4774
8325
8687
6340
6608
3207
8760
3660
5762
6579
2415
3478
3030
5103
6585
8935
2399
8015
9600
5907
7886
4832
3652
9675
6175
2791
5122
4852
1307
4122
1224
8862
5771
8837
2732
5928
9145
2562
2542
2138
2065
796
7221
9072
1883
2463
2065
9525
9072
4899
2290
1705
5540
6812
6367
5523
8344
788
9505
7794
8406
2407
5434
5247
2774
2274
1458
4374
2399
1479
9122
1120
4624
7446
5445
5135
2213
3414
5958
45
518
360
7608
5057
814
8761
7181
2539
7465
753
4267
3133
2614
7139
3216
4438
4536
2137
456
7909
2232
4214
3792
2610
7980
505
692
1256
8023
8466
1554
5350
7122
8287
1162
2237
5685
2169
6261
5251
6402
6914
9903
7208
8457
6917
4549
4222
5019
6196
798
2013
4216
8167
6652
2460
8321
1544
1406
8512
9101
1405
1481
6189
6069
6518
5647
4224
9572
2556
1794
9315
9280
7898
2723
6801
104
8312
20
8270
4914
6237
32
3942
7571
8553
5901
7849
6135
9471
7459
9858
2402
7780
8490
5176
5171
3787
2135
1307
115
4727
8862
7744
4355
1678
9438
6283
7731
4827
1146
5030
8077
7826
5357
879
7341
7738
5799
6913
6065
1533
8340
7084
1248
758
2114
8693
1938
5003
1754
3669
6433
122
3399
2963
8426
8761
9479
5526
9991
7579
7376
8033
4409
8689
9501
6002
1380
4128
8913
6308
1977
2040
5257
7018
9362
6937
8474
263
2769
3057
903
16
3112
2978
6340
9506
106
2373
1976
9246
4354
8495
4317
5161
2610
4464
8800
5228
5744
5081
8361
9431
591
7955
713
2885
5397
3757
3181
806
4924
371
9973
6399
7166
6529
6613
6143
7689
6687
2307
541
3506
2723
3315
8149
9064
8328
2095
9396
7830
9801
377
784
5544
5303
4850
5055
4526
1024
1376
8958
4604
3731
6548
1727
6973
9732
6431
6604
7685
8795
2637
1237
903
9490
2116
5621
5828
6121
4919
9041
5836
1385
1460
9618
5443
5836
8852
1663
7345
6955
1421
2669
5889
3576
7531
6361
3361
6069
6230
1528
1078
4762
3129
8567
3200
3768
336
9628
9416
8380
8413
4650
5784
2486
7805
5170
5926
6017
608
8036
743
5931
1485
4709
5491
1246
2395
4313
2788
8483
3683
5340
3989
3567
2321
4745
3380
6351
3862
7279
980
4910
9931
6582
4894
8130
8404
1890
907
6557
4319
257
3008
9646
1369
733
9235
4273
1780
4575
3634
8879
4006
4002
9644
8315
8202
6655
4227
3507
690
3762
5329
4426
3099
9719
2067
8946
2253
8388
222
7927
1776
2170
5483
3123
9208
3010
463
1707
3963
4676
6035
8779
6954
7772
1953
2602
7396
1955
8770
1111
304
8906
2889
7392
6468
316
6096
9109
9647
6611
4731
1206
5442
293
3678
5448
954
1800
3301
2486
6048
2344
7947
8750
5451
4533
1689
5091
9866
6587
2414
969
5492
1669
6126
6067
9025
1377
1388
8712
6677
6393
2375
5839
7732
709
2107
9665
8261
1005
384
1717
938
5615
6008
4135
1114
2330
1724
5810
2216
1199
8913
5625
5548
1840
1889
6498
7049
4942
8592
2650
5214
3293
1701
4545
5965
103
8872
8609
4523
6218
331
4811
7866
2649
5365
3771
7538
1375
6909
6909
2866
1525
1485
8309
1434
1870
4865
2178
1683
4130
1302
8456
4697
203
3353
6770
8002
713
3447
9672
4098
899
6922
9480
6344
5718
5803
2536
9311
5263
9225
3835
9516
649
7763
5035
7817
6332
9050
48
7166
3110
6818
4847
7736
7629
2060
2289
7778
3609
7746
3506
7236
4126
1530
2690
5552
4039
8388
1391
3246
1675
981
9777
5398
9880
4042
7382
7599
138
3315
7074
7876
8514
9894
9236
5860
7724
7216
2439
6854
590
7172
1037
1324
5587
4075
3179
9840
6475
1509
6586
5711
2462
772
9344
1638
6396
7601
6977
8398
7414
6477
8816
7472
1999
3154
8178
3853
9323
305
8171
8960
113
5512
2942
2617
3378
9308
5484
6534
2353
9351
2997
7325
5464
3922
2280
1878
1779
8807
6506
437
7183
8980
1176
6764
3658
9369
5253
6712
6906
1708
9027
4078
1463
6441
281
616
1961
7663
1058
558
2167
4337
4707
1717
9141
711
3204
7215
4101
2666
3095
1090
5780
9884
5738
6795
584
3844
3025
7566
341
9775
2747
6149
6908
4996
6551
5494
3089
7569
9567
7912
3997
7567
1330
4496
6045
1948
7484
3146
7548
6500
3998
9983
9795
5811
422
1636
9781
5162
3641
1569
9080
9763
4268
2435
5551
6537
6789
3417
6127
541
194
7366
3784
9108
3143
3685
667
200
9426
4563
384
2709
527
1730
371
9724
6801
7765
8050
9696
7799
1798
2972
8498
7666
1436
5357
1180
683
3391
3065
7543
7746
9337
4594
7848
7885
3379
9380
2253
3257
9096
3826
8499
6444
6573
7424
3092
8808
6726
2267
3577
4521
1219
2400
9393
5803
2732
7267
1331
2648
6362
9603
798
2980
4966
4732
9806
6009
7048
2471
2086
5348
7905
994
8615
4960
2954
1030
6802
3504
991
3971
5374
2498
685
6026
6213
4547
328
3411
5593
3015
5511
2648
5588
4716
4773
2558
1245
8319
5805
4351
5902
4966
7578
9384
8153
1544
2528
6999
3709
3964
9477
7578
6771
50
6929
4457
2720
7771
6316
2028
7690
4243
7212
7700
7557
9072
2053
3092
6733
4377
4357
7240
4370
1173
328
8502
9636
5456
5136
2547
3622
3954
5932
4098
1876
1336
3024
7769
349
8864
7180
2569
491
9549
6196
8228
8168
6598
3653
858
3583
6045
9923
1802
9615
705
4638
573
3718
4113
6740
9374
3953
2468
761
3101
2998
1388
165
8997
2864
8537
6209
6673
2931
661
6473
1454
2889
94
1530
2879
8951
2418
1721
685
7801
8457
1981
9225
6471
724
9668
15
7872
1827
4789
9037
3561
9936
8096
3509
9197
3236
3929
6270
3787
9115
897
2856
4281
1147
139
1079
4004
4574
4600
1393
6239
4627
9900
7918
6921
465
4587
4731
1416
3446
1022
4574
527
2008
4175
6728
9068
6518
128
891
7749
3167
5810
352
4774
1092
2355
5819
8544
5937
5574
4512
6971
4005
4850
8266
2585
86
3982
6419
5842
7041
9844
6321
2308
5264
526
9860
8577
7577
7805
355
8940
9778
57
6949
9333
6376
7708
4107
8629
4572
1363
981
5692
5724
6410
2210
7371
9006
6607
8782
3647
9358
1847
4067
8791
83
9835
5757
883
6676
4475
6589
251
7472
4423
6985
7043
6454
2034
5150
1489
9971
8770
6326
3824
9286
810
1264
7737
2395
